+-------+-------+-------+-------+
|  8192 |  4096 |   256 |     2 |
+-------+-------+-------+-------+
|  1024 |   256 |   128 |     4 |
+-------+-------+-------+-------+
|    16 |    64 |    32 |     2 |
+-------+-------+-------+-------+
|     4 |     2 |    16 |     4 |
+-------+-------+-------+-------+

+-------+-------+-------+-------+
|     8 |     2 |     4 |     2 |
+-------+-------+-------+-------+
|    32 |   128 |    16 |     8 |
+-------+-------+-------+-------+
|     2 |    16 |   512 |  2048 |
+-------+-------+-------+-------+
|     8 |     2 |  1024 |  8192 |
+-------+-------+-------+-------+

+-------+-------+-------+-------+
|  8192 |  1024 |    32 |     2 |
+-------+-------+-------+-------+
|  4096 |   512 |    16 |     4 |
+-------+-------+-------+-------+
|  2048 |   128 |     8 |     2 |
+-------+-------+-------+-------+
|    64 |    16 |     2 |     4 |
+-------+-------+-------+-------+

+-------+-------+-------+-------+
|    16 |    32 |     4 |     2 |
+-------+-------+-------+-------+
|     8 |    64 |   128 |   256 |
+-------+-------+-------+-------+
|     4 |    32 |   512 |  2048 |
+-------+-------+-------+-------+
|     2 |     4 |  1024 |  4096 |
+-------+-------+-------+-------+

+-------+-------+-------+-------+
| 16384 |  2048 |   512 |     4 |
+-------+-------+-------+-------+
|  4096 |  1024 |   256 |     2 |
+-------+-------+-------+-------+
|    64 |    32 |    16 |     8 |
+-------+-------+-------+-------+
|     2 |     8 |     4 |     2 |
+-------+-------+-------+-------+

+-------+-------+-------+-------+
|     2 |     8 |     4 |     2 |
+-------+-------+-------+-------+
|    16 |    32 |    16 |     8 |
+-------+-------+-------+-------+
|    32 |    64 |   128 |    64 |
+-------+-------+-------+-------+
|    64 |  1024 |  2048 |  8192 |
+-------+-------+-------+-------+

+-------+-------+-------+-------+
|     8 |     2 |     4 |   128 |
+-------+-------+-------+-------+
|    16 |    32 |    64 |   256 |
+-------+-------+-------+-------+
|     8 |   256 |   512 |  4096 |
+-------+-------+-------+-------+
|     4 |  1024 |  2048 |     2 |
+-------+-------+-------+-------+

+-------+-------+-------+-------+
|     8 |     2 |     4 |     2 |
+-------+-------+-------+-------+
|     2 |    32 |   256 |   512 |
+-------+-------+-------+-------+
|     4 |    64 |  1024 |  4096 |
+-------+-------+-------+-------+
|     8 |    32 |  2048 |  8192 |
+-------+-------+-------+-------+

+-------+-------+-------+-------+
|     4 |   512 |  2048 | 16384 |
+-------+-------+-------+-------+
|     8 |    64 |  1024 |  8192 |
+-------+-------+-------+-------+
|     4 |     8 |   256 |    16 |
+-------+-------+-------+-------+
|     2 |     4 |     2 |     4 |
+-------+-------+-------+-------+

+-------+-------+-------+-------+
|     2 |     4 |   256 |     4 |
+-------+-------+-------+-------+
| 16384 |  2048 |   128 |     2 |
+-------+-------+-------+-------+
|  8192 |  1024 |    16 |     4 |
+-------+-------+-------+-------+
|     2 |     8 |     4 |    32 |
+-------+-------+-------+-------+

+-------+-------+-------+-------+
|  8192 |  4096 |   256 |       |
+-------+-------+-------+-------+
|  1024 |   512 |    64 |     2 |
+-------+-------+-------+-------+
|   256 |    64 |    32 |     4 |
+-------+-------+-------+-------+
|     8 |    16 |     2 |    16 |
+-------+-------+-------+-------+

+-------+-------+-------+-------+
|     2 |     4 |    16 |   128 |
+-------+-------+-------+-------+
|   512 |    16 |    64 |     4 |
+-------+-------+-------+-------+
|  1024 |  2048 |   128 |    16 |
+-------+-------+-------+-------+
|     4 |     4 |  4096 |     8 |
+-------+-------+-------+-------+

+-------+-------+-------+-------+
|     4 |     2 |     8 |     2 |
+-------+-------+-------+-------+
|     2 |    16 |    64 |    16 |
+-------+-------+-------+-------+
|     8 |    64 |   256 |  1024 |
+-------+-------+-------+-------+
|     4 |   128 |  1024 | 16384 |
+-------+-------+-------+-------+

+-------+-------+-------+-------+
|     4 |    64 |  2048 |  8192 |
+-------+-------+-------+-------+
|    16 |   128 |  1024 |  4096 |
+-------+-------+-------+-------+
|     2 |    64 |   128 |    32 |
+-------+-------+-------+-------+
|    16 |     8 |     4 |     2 |
+-------+-------+-------+-------+

+-------+-------+-------+-------+
|     8 |     4 |     2 |     4 |
+-------+-------+-------+-------+
|   256 |   128 |    16 |     8 |
+-------+-------+-------+-------+
|    16 |     2 |    32 |   512 |
+-------+-------+-------+-------+
|   512 |    32 |     8 |  4096 |
+-------+-------+-------+-------+

+-------+-------+-------+-------+
|     2 |   256 |  1024 |  8192 |
+-------+-------+-------+-------+
|    32 |    64 |   512 |  2048 |
+-------+-------+-------+-------+
|     4 |    32 |   128 |  1024 |
+-------+-------+-------+-------+
|     2 |     8 |     4 |     2 |
+-------+-------+-------+-------+

+-------+-------+-------+-------+
|     2 |    32 |  4096 |  8192 |
+-------+-------+-------+-------+
|    16 |    64 |   256 |   512 |
+-------+-------+-------+-------+
|     4 |    32 |   128 |   256 |
+-------+-------+-------+-------+
|    16 |     8 |     4 |     2 |
+-------+-------+-------+-------+

+-------+-------+-------+-------+
|  8192 |  4096 |   512 |     2 |
+-------+-------+-------+-------+
|  2048 |  1024 |   256 |    16 |
+-------+-------+-------+-------+
|    32 |   128 |    64 |     8 |
+-------+-------+-------+-------+
|     4 |    16 |     4 |     2 |
+-------+-------+-------+-------+

+-------+-------+-------+-------+
|    64 |     2 |     4 |     8 |
+-------+-------+-------+-------+
|   512 |   256 |    32 |    16 |
+-------+-------+-------+-------+
|  8192 |  1024 |    64 |     8 |
+-------+-------+-------+-------+
|     2 |  2048 |    32 |     4 |
+-------+-------+-------+-------+

+-------+-------+-------+-------+
|     8 |    32 |     4 |     2 |
+-------+-------+-------+-------+
|   256 |   128 |    64 |     4 |
+-------+-------+-------+-------+
|  4096 |   256 |    32 |     2 |
+-------+-------+-------+-------+
|  8192 |  1024 |   128 |     4 |
+-------+-------+-------+-------+

+-------+-------+-------+-------+
|     2 |     4 |     8 |    16 |
+-------+-------+-------+-------+
|   512 |   256 |    64 |     2 |
+-------+-------+-------+-------+
|  2048 |   512 |   128 |     4 |
+-------+-------+-------+-------+
| 16384 |  4096 |    32 |     8 |
+-------+-------+-------+-------+

+-------+-------+-------+-------+
|     2 |     8 |     2 |     4 |
+-------+-------+-------+-------+
|    16 |    32 |     8 |     2 |
+-------+-------+-------+-------+
|    32 |   128 |   256 |   512 |
+-------+-------+-------+-------+
|    64 |  1024 |  2048 | 16384 |
+-------+-------+-------+-------+

+-------+-------+-------+-------+
|  8192 |  1024 |   128 |     4 |
+-------+-------+-------+-------+
|  4096 |   512 |    64 |     2 |
+-------+-------+-------+-------+
|   128 |    64 |    32 |     4 |
+-------+-------+-------+-------+
|     2 |     4 |     8 |    16 |
+-------+-------+-------+-------+

+-------+-------+-------+-------+
|     4 |    64 |  2048 |  8192 |
+-------+-------+-------+-------+
|    16 |   128 |   512 |  1024 |
+-------+-------+-------+-------+
|     2 |    64 |   128 |    32 |
+-------+-------+-------+-------+
|     2 |    16 |     2 |     4 |
+-------+-------+-------+-------+

+-------+-------+-------+-------+
|     2 |     8 |     2 |    32 |
+-------+-------+-------+-------+
|     4 |    16 |   128 |   256 |
+-------+-------+-------+-------+
|     8 |    32 |   512 |  1024 |
+-------+-------+-------+-------+
|     2 |    64 |  2048 |  8192 |
+-------+-------+-------+-------+

+-------+-------+-------+-------+
|     4 |   256 |  1024 |  4096 |
+-------+-------+-------+-------+
|     2 |   128 |   512 |  2048 |
+-------+-------+-------+-------+
|     4 |     8 |    32 |   256 |
+-------+-------+-------+-------+
|     8 |    16 |     2 |     4 |
+-------+-------+-------+-------+

+-------+-------+-------+-------+
|  8192 |   128 |     4 |     2 |
+-------+-------+-------+-------+
|   256 |    64 |     8 |   128 |
+-------+-------+-------+-------+
|     8 |     2 |    16 |     4 |
+-------+-------+-------+-------+
|     2 |    16 |     8 |     2 |
+-------+-------+-------+-------+

+-------+-------+-------+-------+
|     2 |     4 |    32 |    64 |
+-------+-------+-------+-------+
|    32 |   512 |   128 |     2 |
+-------+-------+-------+-------+
|  2048 |   256 |    32 |     4 |
+-------+-------+-------+-------+
|  8192 |    32 |     4 |     8 |
+-------+-------+-------+-------+

+-------+-------+-------+-------+
|  8192 |  2048 |  1024 |   128 |
+-------+-------+-------+-------+
|   512 |   256 |    32 |    16 |
+-------+-------+-------+-------+
|    64 |    32 |    16 |     8 |
+-------+-------+-------+-------+
|     2 |     4 |     2 |     4 |
+-------+-------+-------+-------+

+-------+-------+-------+-------+
|     2 |     8 |     2 |     4 |
+-------+-------+-------+-------+
|    16 |    32 |    16 |     8 |
+-------+-------+-------+-------+
|     8 |    64 |   512 |  1024 |
+-------+-------+-------+-------+
|   128 |  2048 |  4096 |  8192 |
+-------+-------+-------+-------+

+-------+-------+-------+-------+
|  8192 |  4096 |   128 |     2 |
+-------+-------+-------+-------+
|   512 |   256 |    64 |     8 |
+-------+-------+-------+-------+
|     2 |   128 |     8 |    16 |
+-------+-------+-------+-------+
|    16 |     2 |     4 |     2 |
+-------+-------+-------+-------+

+-------+-------+-------+-------+
|  1024 |     8 |     4 |     2 |
+-------+-------+-------+-------+
|     4 |    16 |    32 |     4 |
+-------+-------+-------+-------+
|    32 |     2 |   512 |  2048 |
+-------+-------+-------+-------+
|     8 |    16 |     4 |  4096 |
+-------+-------+-------+-------+

+-------+-------+-------+-------+
|     2 |    16 |     2 |     4 |
+-------+-------+-------+-------+
|     8 |   128 |    32 |  8192 |
+-------+-------+-------+-------+
|     2 |    32 |    64 |    32 |
+-------+-------+-------+-------+
|     4 |     8 |   256 |     4 |
+-------+-------+-------+-------+

+-------+-------+-------+-------+
|     2 |    64 |   256 |  2048 |
+-------+-------+-------+-------+
|     8 |    32 |   128 |   512 |
+-------+-------+-------+-------+
|     4 |    16 |    32 |   256 |
+-------+-------+-------+-------+
|     2 |     8 |     2 |     8 |
+-------+-------+-------+-------+

+-------+-------+-------+-------+
|  1024 |     2 |     4 |     2 |
+-------+-------+-------+-------+
|     4 |   128 |    16 |     4 |
+-------+-------+-------+-------+
|   512 |    64 |    32 |    16 |
+-------+-------+-------+-------+
|     8 |     2 |   512 |  8192 |
+-------+-------+-------+-------+

+-------+-------+-------+-------+
|       |    16 |    64 | 16384 |
+-------+-------+-------+-------+
|     2 |   128 |   512 |  2048 |
+-------+-------+-------+-------+
|     4 |    64 |   256 |  1024 |
+-------+-------+-------+-------+
|     8 |    16 |    32 |     4 |
+-------+-------+-------+-------+

+-------+-------+-------+-------+
|  8192 |  2048 |   512 |     2 |
+-------+-------+-------+-------+
|  4096 |  1024 |   256 |     4 |
+-------+-------+-------+-------+
|     4 |    32 |    64 |   128 |
+-------+-------+-------+-------+
|     2 |     4 |     8 |    16 |
+-------+-------+-------+-------+

+-------+-------+-------+-------+
| 16384 |    16 |     4 |     2 |
+-------+-------+-------+-------+
|   512 |  1024 |    16 |     4 |
+-------+-------+-------+-------+
|     8 |   128 |    32 |    16 |
+-------+-------+-------+-------+
|     2 |     4 |    64 |     8 |
+-------+-------+-------+-------+

+-------+-------+-------+-------+
|  4096 |  2048 |   512 |     4 |
+-------+-------+-------+-------+
|   512 |   256 |    64 |    16 |
+-------+-------+-------+-------+
|   128 |    64 |    32 |     2 |
+-------+-------+-------+-------+
|     2 |    16 |     8 |     4 |
+-------+-------+-------+-------+

+-------+-------+-------+-------+
|     2 |     8 |  2048 | 16384 |
+-------+-------+-------+-------+
|     4 |    16 |   512 |  4096 |
+-------+-------+-------+-------+
|    16 |   128 |   256 |   512 |
+-------+-------+-------+-------+
|     4 |    64 |     4 |     2 |
+-------+-------+-------+-------+

+-------+-------+-------+-------+
|     8 |     2 |     4 |     2 |
+-------+-------+-------+-------+
|   128 |    32 |    16 |     8 |
+-------+-------+-------+-------+
|     4 |    16 |    32 |   256 |
+-------+-------+-------+-------+
|     2 |     8 |  1024 |  8192 |
+-------+-------+-------+-------+

+-------+-------+-------+-------+
|  8192 |  2048 |   128 |     4 |
+-------+-------+-------+-------+
|   512 |   256 |    64 |    16 |
+-------+-------+-------+-------+
|   128 |    64 |    32 |     4 |
+-------+-------+-------+-------+
|     4 |    16 |     8 |     2 |
+-------+-------+-------+-------+

+-------+-------+-------+-------+
|     4 |     8 |     2 |     4 |
+-------+-------+-------+-------+
|     2 |    32 |    64 |   128 |
+-------+-------+-------+-------+
|     8 |   128 |  1024 |  2048 |
+-------+-------+-------+-------+
|     2 |   512 |  8192 | 16384 |
+-------+-------+-------+-------+

+-------+-------+-------+-------+
|       |     2 |     4 |    16 |
+-------+-------+-------+-------+
|     4 |     8 |     2 |   128 |
+-------+-------+-------+-------+
|     2 |    32 |    64 |   256 |
+-------+-------+-------+-------+
|    16 |   512 |  1024 |  4096 |
+-------+-------+-------+-------+

+-------+-------+-------+-------+
|     4 |   256 |  4096 | 16384 |
+-------+-------+-------+-------+
|     4 |    64 |   512 |  2048 |
+-------+-------+-------+-------+
|     2 |    32 |    64 |   128 |
+-------+-------+-------+-------+
|     4 |    16 |     8 |     4 |
+-------+-------+-------+-------+

+-------+-------+-------+-------+
|     4 |     2 |     8 |    16 |
+-------+-------+-------+-------+
|   128 |    64 |    32 |     8 |
+-------+-------+-------+-------+
|  2048 |   256 |    64 |     4 |
+-------+-------+-------+-------+
|  4096 |   512 |   128 |     2 |
+-------+-------+-------+-------+

+-------+-------+-------+-------+
|  4096 |    16 |     4 |     2 |
+-------+-------+-------+-------+
|  1024 |   512 |    16 |     4 |
+-------+-------+-------+-------+
|     8 |   256 |   128 |     8 |
+-------+-------+-------+-------+
|     2 |    16 |    64 |     4 |
+-------+-------+-------+-------+

+-------+-------+-------+-------+
|    32 |    16 |     2 |     4 |
+-------+-------+-------+-------+
|     2 |    64 |   256 |   512 |
+-------+-------+-------+-------+
|     4 |   128 |  1024 |  4096 |
+-------+-------+-------+-------+
|     8 |    32 |  2048 |  8192 |
+-------+-------+-------+-------+

+-------+-------+-------+-------+
|     2 |     8 |   512 |     8 |
+-------+-------+-------+-------+
|     2 |    32 |    16 |    64 |
+-------+-------+-------+-------+
|  8192 |   256 |   128 |     4 |
+-------+-------+-------+-------+
|       |     4 |  4096 |  1024 |
+-------+-------+-------+-------+

+-------+-------+-------+-------+
|     2 |    32 |     4 |     8 |
+-------+-------+-------+-------+
|    16 |     8 |    64 |   256 |
+-------+-------+-------+-------+
|     4 |     2 |   128 |   512 |
+-------+-------+-------+-------+
|   512 |     4 |    64 |  2048 |
+-------+-------+-------+-------+

+-------+-------+-------+-------+
| 16384 |  4096 |  2048 |     8 |
+-------+-------+-------+-------+
|  1024 |   512 |   256 |    16 |
+-------+-------+-------+-------+
|   128 |    64 |    32 |     4 |
+-------+-------+-------+-------+
|     4 |    16 |     4 |     2 |
+-------+-------+-------+-------+

+-------+-------+-------+-------+
|     4 |    32 |     8 |     2 |
+-------+-------+-------+-------+
|   256 |   128 |    64 |    16 |
+-------+-------+-------+-------+
|  1024 |   512 |   128 |     4 |
+-------+-------+-------+-------+
|  8192 |  2048 |   256 |     2 |
+-------+-------+-------+-------+

+-------+-------+-------+-------+
|     2 |     8 |  2048 |  8192 |
+-------+-------+-------+-------+
|     8 |    16 |   256 |   512 |
+-------+-------+-------+-------+
|     4 |    32 |   128 |     8 |
+-------+-------+-------+-------+
|     2 |    16 |    64 |     4 |
+-------+-------+-------+-------+

+-------+-------+-------+-------+
|    16 |     8 |     4 |     2 |
+-------+-------+-------+-------+
|     2 |  